50,35
10,178
10,256
10,308
10,130
10,108
10,198
10,304
10,2
10,3
11,11
9,7
9,2
9,3
8,4
8,5
8,13
8,16
8,15
8,12
8,2
8,3
49,5
49,4
49,3
49,2
49,1
49,0
20,3
20,2
20,1
19,3
19,2
19,1
18,3
18,1
14,3
14,1
13,3
13,1
12,3
12,2
12,1
11,30
11,29
11,28
11,27
11,26
11,24
11,22
11,21
11,20
11,19
11,18
11,17
11,16
11,15
11,14
11,13
11,12
11,9
11,7
11,5
11,4
11,3
11,2
11,1
10,311
10,309
10,307
10,293
10,287
10,281
10,279
10,261
10,258
10,253
10,241
10,238
10,231
10,227
10,223
10,221
10,219
10,217
10,203
10,201
10,200
10,192
10,183
